1965.0000     385.504    110.296     
1965.1250     377.142    108.996   
1965.2500     369.463    107.953    
1965.5000     356.514    105.953
1965.6250     354.892    105.951
1965.7500     353.830    106.213
1965.8750     353.491    105.765
1966.0000     355.034    105.042
1966.1250     355.330    105.473
1966.2500     351.807    107.254
1966.3750     348.273    108.824
1966.5000     350.192    109.464
1966.6250     354.957    109.791
1966.7500     356.562    110.859
1966.8750     358.525    112.330
1967.0000     362.544    113.159
1967.1250     362.582    112.943
1967.2500     360.851    112.080
1967.3750     363.525    111.018
1967.5000     365.895    109.756
1967.6250     364.230    108.176
1967.7500     362.134    107.166
1967.8750     362.327    107.275
1968.0000     362.812    108.055
1968.1250     363.571    108.352
1968.2500     366.995    107.309
1968.3750     369.353    105.275
1968.5000     365.889    104.003
1968.6250     360.117    104.540
1968.7500     354.441    107.059
1968.8750     347.833    110.305
1969.0000     343.600    113.441
1969.1250     344.895    115.488
1969.2500     347.444    115.599
1969.3750     349.267    113.713
1969.5000     350.828    110.803
1969.6250     352.346    108.127
1969.7500     353.398    106.492
1969.8750     353.705    106.533
1970.0000     355.335    107.201
1970.1250     357.781    106.814
1970.2500     352.151    104.940
1970.3750     335.080    101.957
1970.5000     307.535     97.306
1970.6250     273.723     90.459
1970.7500     240.718     82.281
1970.8750     217.059     75.804
1971.0000     202.557     72.012
1971.1250     201.819     70.191
1971.2500     219.800     68.954
1971.3750     250.382     68.637
1971.5000     288.540     70.243
1971.6250     328.904     73.277
1971.7500     363.669     76.557
1971.8750     384.924     79.171
1972.0000     388.922     81.234
1972.1250     378.758     82.833
1972.2500     370.504     82.593
1972.3750     369.831     80.608
1972.5000     367.079     78.194
1972.6250     363.108     76.802
1972.7500     364.438     76.669
1972.8750     364.173     77.358
1973.0000     359.034     77.657
1973.1250     357.028     76.885
1973.2500     359.581     75.422
1973.3750     361.922     74.860
1973.5000     363.591     75.309
1973.6250     364.407     75.607
1973.7500     364.276     75.445
1973.8750     364.581     75.170
1974.0000     366.357     74.890
1974.1250     368.967     74.212
1974.2500     370.685     73.090
1974.3750     370.660     72.351
1974.5000     370.462     72.089
1974.6250     369.926     71.916
1974.7500     369.280     71.586
1974.8750     370.353     71.455
1975.0000     372.234     72.217
1975.1250     372.223     73.267
1975.2500     370.410     73.708
1975.3750     368.146     73.742
1975.5000     366.600     73.876
1975.6250     366.324     74.097
1975.7500     368.695     74.279
1975.8750     373.835     74.935
1976.0000     379.258     76.760
1976.1250     382.644     79.037
1976.2500     384.959     80.158
1976.3750     385.656     78.889
1976.5000     383.928     76.348
1976.6250     381.453     74.420
1976.7500     379.653     73.876
1976.8750     377.888     73.188
1977.0000     376.179     71.596
1977.1250     375.477     70.049
1977.2500     375.698     69.270
1977.3750     376.153     68.743
1977.5000     376.233     67.920
1977.6250     375.807     66.866
1977.7500     374.582     65.749
1977.8750     372.643     65.139
1978.0000     370.506     65.988
1978.1250     368.709     69.015
1978.2500     367.537     72.312
1978.3750     367.239     73.864
1978.5000     368.169     72.962
1978.6250     369.016     70.998
1978.7500     369.232     69.220
1978.8750     370.378     68.194
1979.0000     371.181     67.577
1979.1250     368.980     67.644
1979.2500     365.862     68.787
1979.3750     364.067     70.856
1979.5000     362.508     72.944
1979.6250     361.925     73.649
1979.7500     363.412     73.279
1979.8750     365.273     72.874
1980.0000     366.282     72.251
